111111111111111111111111111111111111111111
100000000000000000000000000000000000000001
100000000000000000000000000000000000000001
101111011110001110001111000111101100110001
101000011000001110001001101100001100110001
101100011000001010001001001000001100110001
101110011110011011001111001000001111110001
100011011000011111001011001000001100110001
100011011000110001001001001100001100110001
101110011110110001101001100111101100110001
100000000000000000000000000000000000000001
100000000000000000000000000000000000000000
111111111111111111111111111111111111111111