1111111111111111111111111111111111111111111111111111
1000000000000000000000000000000000000000000000000001
1000011000000000000000000001000000000000000000000001
1000111100000000000000000001000000000000000000000001
1001100000101100100001110001000000001011000000000001
1000110000111111110011111001001100001111101100110001
1000011100100110010010001001001111001100100100100001
1000001100100110010010001001001101101100100111100001
1000000100100110010010001001001001101100100011100001
1001111100100110010011111001001111001100100011000001
1000010000000000000000100000000110000000000011000001
1000000000000000000000000000000000000000000001000001
1000000000000000000000000000000000000000000000000000
1111111111111111111111111111111111111111111111111111
